2028-Jun-01 00:00:00,327.6198182, 11.5019725
2028-Jun-01 01:00:00,330.6549447, 10.0249099
2028-Jun-01 02:00:00,333.6623273,  8.5205228
2028-Jun-01 03:00:00,336.6459891,  6.9931817
2028-Jun-01 04:00:00,339.6100882,  5.4471907
2028-Jun-01 05:00:00,342.5588855,  3.8867965
2028-Jun-01 06:00:00,345.4967174,  2.3161997
2028-Jun-01 07:00:00,348.4279712,  0.7395663
2028-Jun-01 08:00:00,351.3570633, -0.8389586
2028-Jun-01 09:00:00,354.2884192, -2.4152374
2028-Jun-01 10:00:00,357.2264530, -3.9851259
2028-Jun-01 11:00:00,  0.1755476, -5.5444600
2028-Jun-01 12:00:00,  3.1400322, -7.0890419
2028-Jun-01 13:00:00,  6.1241584, -8.6146289
2028-Jun-01 14:00:00,  9.1320722,-10.1169217
2028-Jun-01 15:00:00, 12.1677818,-11.5915565
2028-Jun-01 16:00:00, 15.2351211,-13.0340979
2028-Jun-01 17:00:00, 18.3377064,-14.4400357
2028-Jun-01 18:00:00, 21.4788875,-15.8047853
2028-Jun-01 19:00:00, 24.6616932,-17.1236922
2028-Jun-01 20:00:00, 27.8887699,-18.3920414
2028-Jun-01 21:00:00, 31.1623153,-19.6050726
2028-Jun-01 22:00:00, 34.4840086,-20.7580024
2028-Jun-01 23:00:00, 37.8549383,-21.8460518
2028-Jun-02 00:00:00, 41.2755312,-22.8644827
2028-Jun-02 01:00:00, 44.7454860,-23.8086405
2028-Jun-02 02:00:00, 48.2637151,-24.6740042
2028-Jun-02 03:00:00, 51.8283007,-25.4562422
2028-Jun-02 04:00:00, 55.4364681,-26.1512744
2028-Jun-02 05:00:00, 59.0845836,-26.7553362
2028-Jun-02 06:00:00, 62.7681781,-27.2650447
2028-Jun-02 07:00:00, 66.4820021,-27.6774630
2028-Jun-02 08:00:00, 70.2201117,-27.9901605
2028-Jun-02 09:00:00, 73.9759843,-28.2012647
2028-Jun-02 10:00:00, 77.7426616,-28.3095044
2028-Jun-02 11:00:00, 81.5129143,-28.3142388
2028-Jun-02 12:00:00, 85.2794193,-28.2154728
2028-Jun-02 13:00:00, 89.0349425,-28.0138570
2028-Jun-02 14:00:00, 92.7725168,-27.7106722
2028-Jun-02 15:00:00, 96.4856067,-27.3077989
2028-Jun-02 16:00:00,100.1682517,-26.8076751
2028-Jun-02 17:00:00,103.8151827,-26.2132435
2028-Jun-02 18:00:00,107.4219087,-25.5278905
2028-Jun-02 19:00:00,110.9847719,-24.7553824
2028-Jun-02 20:00:00,114.5009727,-23.8997985
2028-Jun-02 21:00:00,117.9685668,-22.9654663
2028-Jun-02 22:00:00,121.3864402,-21.9569004
2028-Jun-02 23:00:00,124.7542648,-20.8787452
2028-Jun-03 00:00:00,128.0724404,-19.7357256
2028-Jun-03 01:00:00,131.3420289,-18.5326032
2028-Jun-03 02:00:00,134.5646826,-17.2741410
2028-Jun-03 03:00:00,137.7425729,-15.9650745
2028-Jun-03 04:00:00,140.8783200,-14.6100903
2028-Jun-03 05:00:00,143.9749263,-13.2138106
2028-Jun-03 06:00:00,147.0357160,-11.7807833
2028-Jun-03 07:00:00,150.0642796,-10.3154782
2028-Jun-03 08:00:00,153.0644251, -8.8222860
2028-Jun-03 09:00:00,156.0401355, -7.3055222
2028-Jun-03 10:00:00,158.9955319, -5.7694333
2028-Jun-03 11:00:00,161.9348415, -4.2182059
2028-Jun-03 12:00:00,164.8623704, -2.6559771
2028-Jun-03 13:00:00,167.7824792, -1.0868474
2028-Jun-03 14:00:00,170.6995623,  0.4851068
2028-Jun-03 15:00:00,173.6180274,  2.0558185
2028-Jun-03 16:00:00,176.5422771,  3.6212164
2028-Jun-03 17:00:00,179.4766890,  5.1772107
2028-Jun-03 18:00:00,182.4255954,  6.7196795
2028-Jun-03 19:00:00,185.3932601,  8.2444560
2028-Jun-03 20:00:00,188.3838524,  9.7473169
2028-Jun-03 21:00:00,191.4014175, 11.2239729
2028-Jun-03 22:00:00,194.4498405, 12.6700607
2028-Jun-03 23:00:00,197.5328068, 14.0811387
2028-Jun-04 00:00:00,200.6537551, 15.4526855
2028-Jun-04 01:00:00,203.8158247, 16.7801025
2028-Jun-04 02:00:00,207.0217964, 18.0587216
2028-Jun-04 03:00:00,210.2740279, 19.2838179
2028-Jun-04 04:00:00,213.5743848, 20.4506293
2028-Jun-04 05:00:00,216.9241685, 21.5543821
2028-Jun-04 06:00:00,220.3240445, 22.5903241
2028-Jun-04 07:00:00,223.7739733, 23.5537651
2028-Jun-04 08:00:00,227.2731485, 24.4401247
2028-Jun-04 09:00:00,230.8199463, 25.2449862
2028-Jun-04 10:00:00,234.4118926, 25.9641573
2028-Jun-04 11:00:00,238.0456503, 26.5937337
2028-Jun-04 12:00:00,241.7170338, 27.1301658
2028-Jun-04 13:00:00,245.4210520, 27.5703245
2028-Jun-04 14:00:00,249.1519831, 27.9115641
2028-Jun-04 15:00:00,252.9034802, 28.1517781
2028-Jun-04 16:00:00,256.6687056, 28.2894472
2028-Jun-04 17:00:00,260.4404887, 28.3236740
2028-Jun-04 18:00:00,264.2114999, 28.2542047
2028-Jun-04 19:00:00,267.9744341, 28.0814352
2028-Jun-04 20:00:00,271.7221912, 27.8064016
2028-Jun-04 21:00:00,275.4480477, 27.4307562
2028-Jun-04 22:00:00,279.1458088, 26.9567292
2028-Jun-04 23:00:00,282.8099356, 26.3870797
2028-Jun-05 00:00:00,286.4356432, 25.7250380
2028-Jun-05 01:00:00,290.0189671, 24.9742423
2028-Jun-05 02:00:00,293.5567990, 24.1386724
2028-Jun-05 03:00:00,297.0468937, 23.2225848
2028-Jun-05 04:00:00,300.4878510, 22.2304486
2028-Jun-05 05:00:00,303.8790775, 21.1668877
2028-Jun-05 06:00:00,307.2207331, 20.0366276
2028-Jun-05 07:00:00,310.5136666, 18.8444499
2028-Jun-05 08:00:00,313.7593460, 17.5951534
2028-Jun-05 09:00:00,316.9597857, 16.2935231
2028-Jun-05 10:00:00,320.1174754, 14.9443057
2028-Jun-05 11:00:00,323.2353123, 13.5521918
2028-Jun-05 12:00:00,326.3165369, 12.1218048
2028-Jun-05 13:00:00,329.3646761, 10.6576938
2028-Jun-05 14:00:00,332.3834916,  9.1643323
2028-Jun-05 15:00:00,335.3769349,  7.6461200
2028-Jun-05 16:00:00,338.3491076,  6.1073881
2028-Jun-05 17:00:00,341.3042280,  4.5524076
2028-Jun-05 18:00:00,344.2466016,  2.9853990
2028-Jun-05 19:00:00,347.1805950,  1.4105439
2028-Jun-05 20:00:00,350.1106138, -0.1680020
2028-Jun-05 21:00:00,353.0410813, -1.7460956
2028-Jun-05 22:00:00,355.9764184, -3.3195926
2028-Jun-05 23:00:00,358.9210236, -4.8843334
2028-Jun-06 00:00:00,  1.8792518, -6.4361303
2028-Jun-06 01:00:00,  4.8553907, -7.9707543
2028-Jun-06 02:00:00,  7.8536350, -9.4839245
2028-Jun-06 03:00:00, 10.8780556,-10.9712978
2028-Jun-06 04:00:00, 13.9325648,-12.4284617
2028-Jun-06 05:00:00, 17.0208762,-13.8509299
2028-Jun-06 06:00:00, 20.1464577,-15.2341407
2028-Jun-06 07:00:00, 23.3124794,-16.5734598
2028-Jun-06 08:00:00, 26.5217547,-17.8641876
2028-Jun-06 09:00:00, 29.7766760,-19.1015725
2028-Jun-06 10:00:00, 33.0791456,-20.2808296
2028-Jun-06 11:00:00, 36.4305046,-21.3971664
2028-Jun-06 12:00:00, 39.8314602,-22.4458158
2028-Jun-06 13:00:00, 43.2820175,-23.4220759
2028-Jun-06 14:00:00, 46.7814167,-24.3213573
2028-Jun-06 15:00:00, 50.3280829,-25.1392372
2028-Jun-06 16:00:00, 53.9195917,-25.8715189
2028-Jun-06 17:00:00, 57.5526559,-26.5142953
2028-Jun-06 18:00:00, 61.2231390,-27.0640149
2028-Jun-06 19:00:00, 64.9260964,-27.5175472
2028-Jun-06 20:00:00, 68.6558491,-27.8722450
2028-Jun-06 21:00:00, 72.4060878,-28.1260002
2028-Jun-06 22:00:00, 76.1700054,-28.2772909
2028-Jun-06 23:00:00, 79.9404538,-28.3252166
2028-Jun-07 00:00:00, 83.7101175,-28.2695190
2028-Jun-07 01:00:00, 87.4716955,-28.1105884
2028-Jun-07 02:00:00, 91.2180825,-27.8494542
2028-Jun-07 03:00:00, 94.9425405,-27.4877605
2028-Jun-07 04:00:00, 98.6388518,-27.0277279
2028-Jun-07 05:00:00,102.3014471,-26.4721048
2028-Jun-07 06:00:00,105.9255049,-25.8241088
2028-Jun-07 07:00:00,109.5070190,-25.0873639
2028-Jun-07 08:00:00,113.0428362,-24.2658339
2028-Jun-07 09:00:00,116.5306639,-23.3637568
2028-Jun-07 10:00:00,119.9690537,-22.3855813
2028-Jun-07 11:00:00,123.3573639,-21.3359079
2028-Jun-07 12:00:00,126.6957067,-20.2194359
2028-Jun-07 13:00:00,129.9848846,-19.0409175
2028-Jun-07 14:00:00,133.2263207,-17.8051190
2028-Jun-07 15:00:00,136.4219865,-16.5167888
2028-Jun-07 16:00:00,139.5743310,-15.1806337
2028-Jun-07 17:00:00,142.6862121,-13.8013006
2028-Jun-07 18:00:00,145.7608335,-12.3833649
2028-Jun-07 19:00:00,148.8016873,-10.9313239
2028-Jun-07 20:00:00,151.8125019, -9.4495952
2028-Jun-07 21:00:00,154.7971976, -7.9425188
2028-Jun-07 22:00:00,157.7598468, -6.4143621
2028-Jun-07 23:00:00,160.7046409, -4.8693285
2028-Jun-08 00:00:00,163.6358607, -3.3115671
2028-Jun-08 01:00:00,166.5578510, -1.7451852
2028-Jun-08 02:00:00,169.4749984, -0.1742607
2028-Jun-08 03:00:00,172.3917110,  1.3971435
2028-Jun-08 04:00:00,175.3123995,  2.9649656
2028-Jun-08 05:00:00,178.2414574,  4.5251304
2028-Jun-08 06:00:00,181.1832421,  6.0735356
2028-Jun-08 07:00:00,184.1420521,  7.6060386
2028-Jun-08 08:00:00,187.1221032,  9.1184439
2028-Jun-08 09:00:00,190.1274998, 10.6064931
2028-Jun-08 10:00:00,193.1622025, 12.0658561
2028-Jun-08 11:00:00,196.2299895, 13.4921249
2028-Jun-08 12:00:00,199.3344130, 14.8808108
2028-Jun-08 13:00:00,202.4787489, 16.2273456
2028-Jun-08 14:00:00,205.6659402, 17.5270865
2028-Jun-08 15:00:00,208.8985345, 18.7753273
2028-Jun-08 16:00:00,212.1786167, 19.9673144
2028-Jun-08 17:00:00,215.5077374, 21.0982701
2028-Jun-08 18:00:00,218.8868410, 22.1634226
2028-Jun-08 19:00:00,222.3161943, 23.1580435
2028-Jun-08 20:00:00,225.7953209, 24.0774926
2028-Jun-08 21:00:00,229.3229456, 24.9172694
2028-Jun-08 22:00:00,232.8969525, 25.6730716
2028-Jun-08 23:00:00,236.5143634, 26.3408574
2028-Jun-09 00:00:00,240.1713400, 26.9169122
2028-Jun-09 01:00:00,243.8632149, 27.3979145
2028-Jun-09 02:00:00,247.5845525, 27.7810012
2028-Jun-09 03:00:00,251.3292424, 28.0638269
2028-Jun-09 04:00:00,255.0906219, 28.2446160
2028-Jun-09 05:00:00,258.8616251, 28.3222030
2028-Jun-09 06:00:00,262.6349518, 28.2960604
2028-Jun-09 07:00:00,266.4032484, 28.1663115
2028-Jun-09 08:00:00,270.1592912, 27.9337277
2028-Jun-09 09:00:00,273.8961633, 27.5997100
2028-Jun-09 10:00:00,277.6074166, 27.1662565
2028-Jun-09 11:00:00,281.2872101, 26.6359179
2028-Jun-09 12:00:00,284.9304214, 26.0117422
2028-Jun-09 13:00:00,288.5327261, 25.2972135
2028-Jun-09 14:00:00,292.0906468, 24.4961865
2028-Jun-09 15:00:00,295.6015716, 23.6128198
2028-Jun-09 16:00:00,299.0637459, 22.6515115
2028-Jun-09 17:00:00,302.4762418, 21.6168378
2028-Jun-09 18:00:00,305.8389105, 20.5134979
2028-Jun-09 19:00:00,309.1523211, 19.3462647
2028-Jun-09 20:00:00,312.4176930, 18.1199428
2028-Jun-09 21:00:00,315.6368229, 16.8393343
2028-Jun-09 22:00:00,318.8120134, 15.5092113
2028-Jun-09 23:00:00,321.9460023, 14.1342957
2028-Jun-10 00:00:00,325.0418972, 12.7192448
2028-Jun-10 01:00:00,328.1031152, 11.2686427
2028-Jun-10 02:00:00,331.1333292,  9.7869967
2028-Jun-10 03:00:00,334.1364195,  8.2787379
2028-Jun-10 04:00:00,337.1164322,  6.7482252
2028-Jun-10 05:00:00,340.0775434,  5.1997522
2028-Jun-10 06:00:00,343.0240275,  3.6375568
2028-Jun-10 07:00:00,345.9602302,  2.0658316
2028-Jun-10 08:00:00,348.8905451,  0.4887372
2028-Jun-10 09:00:00,351.8193914, -1.0895853
2028-Jun-10 10:00:00,354.7511944, -2.6650002
2028-Jun-10 11:00:00,357.6903649, -4.2333630
2028-Jun-10 12:00:00,  0.6412790, -5.7905073
2028-Jun-10 13:00:00,  3.6082560, -7.3322314
2028-Jun-10 14:00:00,  6.5955332, -8.8542864
2028-Jun-10 15:00:00,  9.6072376,-10.3523658
2028-Jun-10 16:00:00, 12.6473534,-11.8220970
2028-Jun-10 17:00:00, 15.7196838,-13.2590352
2028-Jun-10 18:00:00, 18.8278073,-14.6586603
2028-Jun-10 19:00:00, 21.9750283,-16.0163783
2028-Jun-10 20:00:00, 25.1643206,-17.3275261
2028-Jun-10 21:00:00, 28.3982657,-18.5873818
2028-Jun-10 22:00:00, 31.6789861,-19.7911812
2028-Jun-10 23:00:00, 35.0080741,-20.9341405
2028-Jun-11 00:00:00, 38.3865205,-22.0114854
2028-Jun-11 01:00:00, 41.8146437,-23.0184882
2028-Jun-11 02:00:00, 45.2920240,-23.9505119
2028-Jun-11 03:00:00, 48.8174477,-24.8030613
2028-Jun-11 04:00:00, 52.3888653,-25.5718397
2028-Jun-11 05:00:00, 56.0033684,-26.2528113
2028-Jun-11 06:00:00, 59.6571912,-26.8422662
2028-Jun-11 07:00:00, 63.3457390,-27.3368861
2028-Jun-11 08:00:00, 67.0636481,-27.7338083
2028-Jun-11 09:00:00, 70.8048763,-28.0306847
2028-Jun-11 10:00:00, 74.5628230,-28.2257333
2028-Jun-11 11:00:00, 78.3304766,-28.3177780
2028-Jun-11 12:00:00, 82.1005811,-28.3062771
2028-Jun-11 13:00:00, 85.8658152,-28.1913353
2028-Jun-11 14:00:00, 89.6189746,-27.9737016
2028-Jun-11 15:00:00, 93.3531492,-27.6547513
2028-Jun-11 16:00:00, 97.0618839,-27.2364538
2028-Jun-11 17:00:00,100.7393190,-26.7213284
2028-Jun-11 18:00:00,104.3803019,-26.1123899
2028-Jun-11 19:00:00,107.9804688,-25.4130872
2028-Jun-11 20:00:00,111.5362949,-24.6272386
2028-Jun-11 21:00:00,115.0451154,-23.7589652
2028-Jun-11 22:00:00,118.5051186,-22.8126268
2028-Jun-11 23:00:00,121.9153170,-21.7927603
2028-Jun-12 00:00:00,125.2755015,-20.7040249
2028-Jun-12 01:00:00,128.5861811,-19.5511526
2028-Jun-12 02:00:00,131.8485161,-18.3389063
2028-Jun-12 03:00:00,135.0642464,-17.0720452
2028-Jun-12 04:00:00,138.2356199,-15.7552974
2028-Jun-12 05:00:00,141.3653229,-14.3933393
2028-Jun-12 06:00:00,144.4564142,-12.9907809
2028-Jun-12 07:00:00,147.5122655,-11.5521578
2028-Jun-12 08:00:00,150.5365067,-10.0819265
2028-Jun-12 09:00:00,153.5329783, -8.5844659
2028-Jun-12 10:00:00,156.5056899, -7.0640803
2028-Jun-12 11:00:00,159.4587835, -5.5250070
2028-Jun-12 12:00:00,162.3965031, -3.9714251
2028-Jun-12 13:00:00,165.3231670, -2.4074671
2028-Jun-12 14:00:00,168.2431452, -0.8372310
2028-Jun-12 15:00:00,171.1608374,  0.7352061
2028-Jun-12 16:00:00,174.0806540,  2.3057739
2028-Jun-12 17:00:00,177.0069969,  3.8703950
2028-Jun-12 18:00:00,179.9442397,  5.4249705
2028-Jun-12 19:00:00,182.8967069,  6.9653669
2028-Jun-12 20:00:00,185.8686506,  8.4874034
2028-Jun-12 21:00:00,188.8642234,  9.9868404
2028-Jun-12 22:00:00,191.8874479, 11.4593705
2028-Jun-12 23:00:00,194.9421803, 12.9006113
2028-Jun-13 00:00:00,198.0320692, 14.3061011
2028-Jun-13 01:00:00,201.1605080, 15.6712985
2028-Jun-13 02:00:00,204.3305805, 16.9915858
2028-Jun-13 03:00:00,207.5450011, 18.2622773
2028-Jun-13 04:00:00,210.8060493, 19.4786339
2028-Jun-13 05:00:00,214.1154994, 20.6358828
2028-Jun-13 06:00:00,217.4745491, 21.7292454
2028-Jun-13 07:00:00,220.8837469, 22.7539711
2028-Jun-13 08:00:00,224.3429245, 23.7053795
2028-Jun-13 09:00:00,227.8511362, 24.5789091
2028-Jun-13 10:00:00,231.4066113, 25.3701731
2028-Jun-13 11:00:00,235.0067236, 26.0750202
2028-Jun-13 12:00:00,238.6479840, 26.6895994
2028-Jun-13 13:00:00,242.3260590, 27.2104266
2028-Jun-13 14:00:00,246.0358195, 27.6344505
2028-Jun-13 15:00:00,249.7714214, 27.9591139
2028-Jun-13 16:00:00,253.5264160, 28.1824093
2028-Jun-13 17:00:00,257.2938894, 28.3029237
2028-Jun-13 18:00:00,261.0666237, 28.3198722
2028-Jun-13 19:00:00,264.8372737, 28.2331160
2028-Jun-13 20:00:00,268.5985504, 28.0431664
2028-Jun-13 21:00:00,272.3434014, 27.7511727
2028-Jun-13 22:00:00,276.0651792, 27.3588944
2028-Jun-13 23:00:00,279.7577898, 26.8686620
2028-Jun-14 00:00:00,283.4158153, 26.2833254
2028-Jun-14 01:00:00,287.0346065, 25.6061948
2028-Jun-14 02:00:00,290.6103437, 24.8409768
2028-Jun-14 03:00:00,294.1400674, 23.9917081
2028-Jun-14 04:00:00,297.6216806, 23.0626899
2028-Jun-14 05:00:00,301.0539264, 22.0584253
2028-Jun-14 06:00:00,304.4363470, 20.9835617
2028-Jun-14 07:00:00,307.7692275, 19.8428390
2028-Jun-14 08:00:00,311.0535306, 18.6410451
2028-Jun-14 09:00:00,314.2908255, 17.3829788
2028-Jun-14 10:00:00,317.4832155, 16.0734190
2028-Jun-14 11:00:00,320.6332672, 14.7171023
2028-Jun-14 12:00:00,323.7439428, 13.3187063
2028-Jun-14 13:00:00,326.8185376, 11.8828387
2028-Jun-14 14:00:00,329.8606240, 10.4140318
2028-Jun-14 15:00:00,332.8740011,  8.9167413
2028-Jun-14 16:00:00,335.8626497,  7.3953497
2028-Jun-14 17:00:00,338.8306951,  5.8541713
2028-Jun-14 18:00:00,341.7823734,  4.2974615
2028-Jun-14 19:00:00,344.7220035,  2.7294262
2028-Jun-14 20:00:00,347.6539615,  1.1542344
2028-Jun-14 21:00:00,350.5826591, -0.4239691
2028-Jun-14 22:00:00,353.5125223, -2.0010499
2028-Jun-14 23:00:00,356.4479716, -3.5728702
2028-Jun-15 00:00:00,359.3934020, -5.1352749
2028-Jun-15 01:00:00,  2.3531615, -6.6840780
2028-Jun-15 02:00:00,  5.3315272, -8.2150505
2028-Jun-15 03:00:00,  8.3326784, -9.7239088
2028-Jun-15 04:00:00, 11.3606661,-11.2063055
2028-Jun-15 05:00:00, 14.4193768,-12.6578223
2028-Jun-15 06:00:00, 17.5124915,-14.0739657
2028-Jun-15 07:00:00, 20.6434382,-15.4501661
2028-Jun-15 08:00:00, 23.8153381,-16.7817812
2028-Jun-15 09:00:00, 27.0309464,-18.0641045
2028-Jun-15 10:00:00, 30.2925867,-19.2923787
2028-Jun-15 11:00:00, 33.6020818,-20.4618159
2028-Jun-15 12:00:00, 36.9606814,-21.5676243
2028-Jun-15 13:00:00, 40.3689906,-22.6050421
2028-Jun-15 14:00:00, 43.8269012,-23.5693791
2028-Jun-15 15:00:00, 47.3335312,-24.4560645
2028-Jun-15 16:00:00, 50.8871761,-25.2607026
2028-Jun-15 17:00:00, 54.4852772,-25.9791324
2028-Jun-15 18:00:00, 58.1244128,-26.6074930
2028-Jun-15 19:00:00, 61.8003145,-27.1422886
2028-Jun-15 20:00:00, 65.5079147,-27.5804546
2028-Jun-15 21:00:00, 69.2414241,-27.9194191
2028-Jun-15 22:00:00, 72.9944409,-28.1571575
2028-Jun-15 23:00:00, 76.7600876,-28.2922385
2028-Jun-16 00:00:00, 80.5311711,-28.3238568
2028-Jun-16 01:00:00, 84.3003585,-28.2518523
2028-Jun-16 02:00:00, 88.0603598,-28.0767137
2028-Jun-16 03:00:00, 91.8041084,-27.7995672
2028-Jun-16 04:00:00, 95.5249306,-27.4221490
2028-Jun-16 05:00:00, 99.2166954,-26.9467661
2028-Jun-16 06:00:00,102.8739386,-26.3762448
2028-Jun-16 07:00:00,106.4919571,-25.7138723
2028-Jun-16 08:00:00,110.0668723,-24.9633320
2028-Jun-16 09:00:00,113.5956624,-24.1286375
2028-Jun-16 10:00:00,117.0761660,-23.2140662
2028-Jun-16 11:00:00,120.5070625,-22.2240973
2028-Jun-16 12:00:00,123.8878308,-21.1633530
2028-Jun-16 13:00:00,127.2186956,-20.0365467
2028-Jun-16 14:00:00,130.5005612,-18.8484381
2028-Jun-16 15:00:00,133.7349422,-17.6037953
2028-Jun-16 16:00:00,136.9238905,-16.3073647
2028-Jun-16 17:00:00,140.0699247,-14.9638471
2028-Jun-16 18:00:00,143.1759625,-13.5778813
2028-Jun-16 19:00:00,146.2452577,-12.1540329
2028-Jun-16 20:00:00,149.2813439,-10.6967893
2028-Jun-16 21:00:00,152.2879837, -9.2105575
2028-Jun-16 22:00:00,155.2691248, -7.6996677
2028-Jun-16 23:00:00,158.2288612, -6.1683786
2028-Jun-17 00:00:00,161.1714005, -4.6208864
2028-Jun-17 01:00:00,164.1010353, -3.0613347
2028-Jun-17 02:00:00,167.0221185, -1.4938267
2028-Jun-17 03:00:00,169.9390413,  0.0775611
2028-Jun-17 04:00:00,172.8562131,  1.6487658
2028-Jun-17 05:00:00,175.7780428,  3.2157232
2028-Jun-17 06:00:00,178.7089192,  4.7743539
2028-Jun-17 07:00:00,181.6531911,  6.3205496
2028-Jun-17 08:00:00,184.6151450,  7.8501597
2028-Jun-17 09:00:00,187.5989800,  9.3589793
2028-Jun-17 10:00:00,190.6087790, 10.8427396
2028-Jun-17 11:00:00,193.6484750, 12.2970988
2028-Jun-17 12:00:00,196.7218119, 13.7176370
2028-Jun-17 13:00:00,199.8322999, 15.0998540
2028-Jun-17 14:00:00,202.9831642, 16.4391706
2028-Jun-17 15:00:00,206.1772875, 17.7309350
2028-Jun-17 16:00:00,209.4171465, 18.9704342
2028-Jun-17 17:00:00,212.7047443, 20.1529115
2028-Jun-17 18:00:00,216.0415384, 21.2735907
2028-Jun-17 19:00:00,219.4283687, 22.3277074
2028-Jun-17 20:00:00,222.8653871, 23.3105474
2028-Jun-17 21:00:00,226.3519934, 24.2174925
2028-Jun-17 22:00:00,229.8867812, 25.0440737
2028-Jun-17 23:00:00,233.4674998, 25.7860293
2028-Jun-18 00:00:00,237.0910354, 26.4393692
2028-Jun-18 01:00:00,240.7534183, 27.0004401
2028-Jun-18 02:00:00,244.4498584, 27.4659927
2028-Jun-18 03:00:00,248.1748112, 27.8332451
2028-Jun-18 04:00:00,251.9220759, 28.0999417
2028-Jun-18 05:00:00,255.6849225, 28.2644027
2028-Jun-18 06:00:00,259.4562444, 28.3255635
2028-Jun-18 07:00:00,263.2287291, 28.2829992
2028-Jun-18 08:00:00,266.9950402, 28.1369356
2028-Jun-18 09:00:00,270.7480001, 27.8882434
2028-Jun-18 10:00:00,274.4807646, 27.5384177
2028-Jun-18 11:00:00,278.1869812, 27.0895437
2028-Jun-18 12:00:00,281.8609235, 26.5442499
2028-Jun-18 13:00:00,285.4975971, 25.9056523
2028-Jun-18 14:00:00,289.0928149, 25.1772923
2028-Jun-18 15:00:00,292.6432401, 24.3630708
2028-Jun-18 16:00:00,296.1464004, 23.4671822
2028-Jun-18 17:00:00,299.6006767, 22.4940506
2028-Jun-18 18:00:00,303.0052687, 21.4482691
2028-Jun-18 19:00:00,306.3601453, 20.3345462
2028-Jun-18 20:00:00,309.6659825, 19.1576573
2028-Jun-18 21:00:00,312.9240941, 17.9224045
2028-Jun-18 22:00:00,316.1363600, 16.6335833
2028-Jun-18 23:00:00,319.3051539, 15.2959565
2028-Jun-19 00:00:00,322.4332742, 13.9142347
2028-Jun-19 01:00:00,325.5238790, 12.4930631
2028-Jun-19 02:00:00,328.5804271, 11.0370138
2028-Jun-19 03:00:00,331.6066250,  9.5505829
2028-Jun-19 04:00:00,334.6063799,  8.0381915
2028-Jun-19 05:00:00,337.5837591,  6.5041903
2028-Jun-19 06:00:00,340.5429545,  4.9528667
2028-Jun-19 07:00:00,343.4882521,  3.3884549
2028-Jun-19 08:00:00,346.4240057,  1.8151464
2028-Jun-19 09:00:00,349.3546134,  0.2371029
2028-Jun-19 10:00:00,352.2844959, -1.3415301
2028-Jun-19 11:00:00,355.2180767, -2.9166101
2028-Jun-19 12:00:00,358.1597621, -4.4839834
2028-Jun-19 13:00:00,  1.1139200, -6.0394717
2028-Jun-19 14:00:00,  4.0848576, -7.5788592
2028-Jun-19 15:00:00,  7.0767956, -9.0978811
2028-Jun-19 16:00:00, 10.0938394,-10.5922133
2028-Jun-19 17:00:00, 13.1399455,-12.0574645
2028-Jun-19 18:00:00, 16.2188821,-13.4891705
2028-Jun-19 19:00:00, 19.3341849,-14.8827922
2028-Jun-19 20:00:00, 22.4891057,-16.2337169
2028-Jun-19 21:00:00, 25.6865559,-17.5372649
2028-Jun-19 22:00:00, 28.9290429,-18.7887004
2028-Jun-19 23:00:00, 32.2186030,-19.9832491
2028-Jun-20 00:00:00, 35.5567298,-21.1161220
2028-Jun-20 01:00:00, 38.9443027,-22.1825460
2028-Jun-20 02:00:00, 42.3815166,-23.1778024
2028-Jun-20 03:00:00, 45.8678175,-24.0972721
2028-Jun-20 04:00:00, 49.4018489,-24.9364874
2028-Jun-20 05:00:00, 52.9814125,-25.6911908
2028-Jun-20 06:00:00, 56.6034493,-26.3573970
2028-Jun-20 07:00:00, 60.2640455,-26.9314587
2028-Jun-20 08:00:00, 63.9584663,-27.4101321
2028-Jun-20 09:00:00, 67.6812213,-27.7906403
2028-Jun-20 10:00:00, 71.4261597,-28.0707312
2028-Jun-20 11:00:00, 75.1865968,-28.2487266
2028-Jun-20 12:00:00, 78.9554640,-28.3235610
2028-Jun-20 13:00:00, 82.7254789,-28.2948064
2028-Jun-20 14:00:00, 86.4893257,-28.1626824
2028-Jun-20 15:00:00, 90.2398373,-27.9280510
2028-Jun-20 16:00:00, 93.9701700,-27.5923958
2028-Jun-20 17:00:00, 97.6739616,-27.1577877
2028-Jun-20 18:00:00,101.3454670,-26.6268383
2028-Jun-20 19:00:00,104.9796649,-26.0026444
2028-Jun-20 20:00:00,108.5723341,-25.2887255
2028-Jun-20 21:00:00,112.1200983,-24.4889585
2028-Jun-20 22:00:00,115.6204417,-23.6075114
2028-Jun-20 23:00:00,119.0716986,-22.6487793
2028-Jun-21 00:00:00,122.4730208,-21.6173242
2028-Jun-21 01:00:00,125.8243285,-20.5178206
2028-Jun-21 02:00:00,129.1262492,-19.3550074
2028-Jun-21 03:00:00,132.3800496,-18.1336476
2028-Jun-21 04:00:00,135.5875632,-16.8584947
2028-Jun-21 05:00:00,138.7511193,-15.5342663
2028-Jun-21 06:00:00,141.8734738,-14.1656251
2028-Jun-21 07:00:00,144.9577442,-12.7571652
2028-Jun-21 08:00:00,148.0073506,-11.3134049
2028-Jun-21 09:00:00,151.0259628, -9.8387831
2028-Jun-21 10:00:00,154.0174535, -8.3376608
2028-Jun-21 11:00:00,156.9858572, -6.8143257
2028-Jun-21 12:00:00,159.9353357, -5.2729994
2028-Jun-21 13:00:00,162.8701471, -3.7178474
2028-Jun-21 14:00:00,165.7946199, -2.1529904
2028-Jun-21 15:00:00,168.7131301, -0.5825169
2028-Jun-21 16:00:00,171.6300805,  0.9895030
2028-Jun-21 17:00:00,174.5498808,  2.5590038
2028-Jun-21 18:00:00,177.4769294,  4.1219099
2028-Jun-21 19:00:00,180.4155927,  5.6741222
2028-Jun-21 20:00:00,183.3701846,  7.2115041
2028-Jun-21 21:00:00,186.3449423,  8.7298695
2028-Jun-21 22:00:00,189.3439989, 10.2249717
2028-Jun-21 23:00:00,192.3713516, 11.6924942
2028-Jun-22 00:00:00,195.4308256, 13.1280445
2028-Jun-22 01:00:00,198.5260306, 14.5271498
2028-Jun-22 02:00:00,201.6603131, 15.8852576
2028-Jun-22 03:00:00,204.8367009, 17.1977398
2028-Jun-22 04:00:00,208.0578424, 18.4599020
2028-Jun-22 05:00:00,211.3259401, 19.6669988
2028-Jun-22 06:00:00,214.6426807, 20.8142550
2028-Jun-22 07:00:00,218.0091624, 21.8968943
2028-Jun-22 08:00:00,221.4258241, 22.9101744
2028-Jun-22 09:00:00,224.8923776, 23.8494305
2028-Jun-22 10:00:00,228.4077494, 24.7101252
2028-Jun-22 11:00:00,231.9700356, 25.4879046
2028-Jun-22 12:00:00,235.5764745, 26.1786606
2028-Jun-22 13:00:00,239.2234429, 26.7785954
2028-Jun-22 14:00:00,242.9064795, 27.2842889
2028-Jun-22 15:00:00,246.6203387, 27.6927628
2028-Jun-22 16:00:00,250.3590752, 28.0015427
2028-Jun-22 17:00:00,254.1161601, 28.2087108
2028-Jun-22 18:00:00,257.8846231, 28.3129499
2028-Jun-22 19:00:00,261.6572170, 28.3135743
2028-Jun-22 20:00:00,265.4265962, 28.2105459
2028-Jun-22 21:00:00,269.1854994, 28.0044752
2028-Jun-22 22:00:00,272.9269293, 27.6966071
2028-Jun-22 23:00:00,276.6443180, 27.2887914
2028-Jun-23 00:00:00,280.3316717, 26.7834410
2028-Jun-23 01:00:00,283.9836890, 26.1834794
2028-Jun-23 02:00:00,287.5958481, 25.4922807
2028-Jun-23 03:00:00,291.1644634, 24.7136048
2028-Jun-23 04:00:00,294.6867111, 23.8515316
2028-Jun-23 05:00:00,298.1606275, 22.9103957
2028-Jun-23 06:00:00,301.5850835, 21.8947241
2028-Jun-23 07:00:00,304.9597409, 20.8091800
2028-Jun-23 08:00:00,308.2849945, 19.6585121
2028-Jun-23 09:00:00,311.5619056, 18.4475109
2028-Jun-23 10:00:00,314.7921307, 17.1809727
2028-Jun-23 11:00:00,317.9778493, 15.8636706
2028-Jun-23 12:00:00,321.1216932, 14.5003326
2028-Jun-23 13:00:00,324.2266800, 13.0956257
2028-Jun-23 14:00:00,327.2961511, 11.6541465
2028-Jun-23 15:00:00,330.3337164, 10.1804159
2028-Jun-23 16:00:00,333.3432053,  8.6788793
2028-Jun-23 17:00:00,336.3286231,  7.1539091
2028-Jun-23 18:00:00,339.2941139,  5.6098116
2028-Jun-23 19:00:00,342.2439281,  4.0508354
2028-Jun-23 20:00:00,345.1823943,  2.4811824
2028-Jun-23 21:00:00,348.1138950,  0.9050195
2028-Jun-23 22:00:00,351.0428444, -0.6735083
2028-Jun-23 23:00:00,353.9736680, -2.2502637
2028-Jun-24 00:00:00,356.9107825, -3.8211038
2028-Jun-24 01:00:00,359.8585759, -5.3818662
2028-Jun-24 02:00:00,  2.8213852, -6.9283555
2028-Jun-24 03:00:00,  5.8034729, -8.4563317
2028-Jun-24 04:00:00,  8.8089990, -9.9614984
2028-Jun-24 05:00:00, 11.8419896,-11.4394947
2028-Jun-24 06:00:00, 14.9063006,-12.8858879
2028-Jun-24 07:00:00, 18.0055749,-14.2961701
2028-Jun-24 08:00:00, 21.1431944,-15.6657578
2028-Jun-24 09:00:00, 24.3222254,-16.9899963
2028-Jun-24 10:00:00, 27.5453578,-18.2641687
2028-Jun-24 11:00:00, 30.8148396,-19.4835103
2028-Jun-24 12:00:00, 34.1324063,-20.6432303
2028-Jun-24 13:00:00, 37.4992092,-21.7385390
2028-Jun-24 14:00:00, 40.9157440,-22.7646834
2028-Jun-24 15:00:00, 44.3817831,-23.7169890
2028-Jun-24 16:00:00, 47.8963164,-24.5909100
2028-Jun-24 17:00:00, 51.4575056,-25.3820847
2028-Jun-24 18:00:00, 55.0626556,-26.0863965
2028-Jun-24 19:00:00, 58.7082091,-26.7000390
2028-Jun-24 20:00:00, 62.3897683,-27.2195819
2028-Jun-24 21:00:00, 66.1021465,-27.6420358
2028-Jun-24 22:00:00, 69.8394511,-27.9649128
2028-Jun-24 23:00:00, 73.5951970,-28.1862806
2028-Jun-25 00:00:00, 77.3624476,-28.3048056
2028-Jun-25 01:00:00, 81.1339778,-28.3197841
2028-Jun-25 02:00:00, 84.9024511,-28.2311591
2028-Jun-25 03:00:00, 88.6606029,-28.0395213
2028-Jun-25 04:00:00, 92.4014195,-27.7460952
2028-Jun-25 05:00:00, 96.1183050,-27.3527102
2028-Jun-25 06:00:00, 99.8052272,-26.8617588
2028-Jun-25 07:00:00,103.4568374,-26.2761443
2028-Jun-25 08:00:00,107.0685600,-25.5992209
2028-Jun-25 09:00:00,110.6366503,-24.8347289
2028-Jun-25 10:00:00,114.1582230,-23.9867287
2028-Jun-25 11:00:00,117.6312514,-23.0595345
2028-Jun-25 12:00:00,121.0545438,-22.0576530
2028-Jun-25 13:00:00,124.4277009,-20.9857257
2028-Jun-25 14:00:00,127.7510587,-19.8484782
2028-Jun-25 15:00:00,131.0256226,-18.6506759
2028-Jun-25 16:00:00,134.2529964,-17.3970880
2028-Jun-25 17:00:00,137.4353100,-16.0924577
2028-Jun-25 18:00:00,140.5751491,-14.7414801
2028-Jun-25 19:00:00,143.6754884,-13.3487863
2028-Jun-25 20:00:00,146.7396290,-11.9189335
2028-Jun-25 21:00:00,149.7711438,-10.4563995
2028-Jun-25 22:00:00,152.7738272, -8.9655828
2028-Jun-25 23:00:00,155.7516520, -7.4508054
2028-Jun-26 00:00:00,158.7087322, -5.9163193
2028-Jun-26 01:00:00,161.6492903, -4.3663150
2028-Jun-26 02:00:00,164.5776295, -2.8049324
2028-Jun-26 03:00:00,167.4981096, -1.2362731
2028-Jun-26 04:00:00,170.4151254,  0.3355863
2028-Jun-26 05:00:00,173.3330868,  1.9065807
2028-Jun-26 06:00:00,176.2563996,  3.4726418
2028-Jun-26 07:00:00,179.1894464,  5.0296839
2028-Jun-26 08:00:00,182.1365663,  6.5735906
2028-Jun-26 09:00:00,185.1020319,  8.1002018
2028-Jun-26 10:00:00,188.0900240,  9.6053019
2028-Jun-26 11:00:00,191.1046015, 11.0846097
2028-Jun-26 12:00:00,194.1496676, 12.5337711
2028-Jun-26 13:00:00,197.2289292, 13.9483536
2028-Jun-26 14:00:00,200.3458514, 15.3238446
2028-Jun-26 15:00:00,203.5036052, 16.6556540
2028-Jun-26 16:00:00,206.7050092, 17.9391212
2028-Jun-26 17:00:00,209.9524651, 19.1695272
2028-Jun-26 18:00:00,213.2478895, 20.3421134
2028-Jun-26 19:00:00,216.5926422, 21.4521069
2028-Jun-26 20:00:00,219.9874537, 22.4947526
2028-Jun-26 21:00:00,223.4323561, 23.4653530
2028-Jun-26 22:00:00,226.9266204, 24.3593154
2028-Jun-26 23:00:00,230.4687045, 25.1722053
2028-Jun-27 00:00:00,234.0562186, 25.8998061
2028-Jun-27 01:00:00,237.6859100, 26.5381832
2028-Jun-27 02:00:00,241.3536752, 27.0837496
2028-Jun-27 03:00:00,245.0545994, 27.5333326
2028-Jun-27 04:00:00,248.7830290, 27.8842367
2028-Jun-27 05:00:00,252.5326736, 28.1343005
2028-Jun-27 06:00:00,256.2967377, 28.2819452
2028-Jun-27 07:00:00,260.0680766, 28.3262112
2028-Jun-27 08:00:00,263.8393696, 28.2667807
2028-Jun-27 09:00:00,267.6033020, 28.1039856
2028-Jun-27 10:00:00,271.3527468, 27.8387996
2028-Jun-27 11:00:00,275.0809375, 27.4728151
2028-Jun-27 12:00:00,278.7816224, 27.0082069
2028-Jun-27 13:00:00,282.4491942, 26.4476839
2028-Jun-27 14:00:00,286.0787913, 25.7944319
2028-Jun-27 15:00:00,289.6663673, 25.0520510
2028-Jun-27 16:00:00,293.2087295, 24.2244897
2028-Jun-27 17:00:00,296.7035485, 23.3159793
2028-Jun-27 18:00:00,300.1493426, 22.3309700
2028-Jun-27 19:00:00,303.5454414, 21.2740726
2028-Jun-27 20:00:00,306.8919330, 20.1500044
2028-Jun-27 21:00:00,310.1896011, 18.9635431
2028-Jun-27 22:00:00,313.4398552, 17.7194877
2028-Jun-27 23:00:00,316.6446583, 16.4226260
2028-Jun-28 00:00:00,319.8064555, 15.0777101
2028-Jun-28 01:00:00,322.9281055, 13.6894379
2028-Jun-28 02:00:00,326.0128160, 12.2624410
2028-Jun-28 03:00:00,329.0640862, 10.8012777
2028-Jun-28 04:00:00,332.0856550,  9.3104308
2028-Jun-28 05:00:00,335.0814548,  7.7943092
2028-Jun-28 06:00:00,338.0555718,  6.2572530
2028-Jun-28 07:00:00,341.0122115,  4.7035412
2028-Jun-28 08:00:00,343.9556689,  3.1374014
2028-Jun-28 09:00:00,346.8903024,  1.5630214
2028-Jun-28 10:00:00,349.8205111, -0.0154384
2028-Jun-28 11:00:00,352.7507136, -1.5938316
2028-Jun-28 12:00:00,355.6853278, -3.1680122
2028-Jun-28 13:00:00,358.6287514, -4.7338208
2028-Jun-28 14:00:00,  1.5853402, -6.2870716
2028-Jun-28 15:00:00,  4.5593858, -7.8235393
2028-Jun-28 16:00:00,  7.5550892, -9.3389484
2028-Jun-28 17:00:00, 10.5765313,-10.8289629
2028-Jun-28 18:00:00, 13.6276383,-12.2891791
2028-Jun-28 19:00:00, 16.7121419,-13.7151201
2028-Jun-28 20:00:00, 19.8335336,-15.1022348
2028-Jun-28 21:00:00, 22.9950130,-16.4458995
2028-Jun-28 22:00:00, 26.1994293,-17.7414253
2028-Jun-28 23:00:00, 29.4492179,-18.9840700
2028-Jun-29 00:00:00, 32.7463319,-20.1690566
2028-Jun-29 01:00:00, 36.0921708,-21.2915982
2028-Jun-29 02:00:00, 39.4875085,-22.3469298
2028-Jun-29 03:00:00, 42.9324240,-23.3303474
2028-Jun-29 04:00:00, 46.4262384,-24.2372550
2028-Jun-29 05:00:00, 49.9674635,-25.0632169
2028-Jun-29 06:00:00, 53.5537649,-25.8040172
2028-Jun-29 07:00:00, 57.1819476,-26.4557227
2028-Jun-29 08:00:00, 60.8479654,-27.0147485
2028-Jun-29 09:00:00, 64.5469603,-27.4779236
2028-Jun-29 10:00:00, 68.2733320,-27.8425529
2028-Jun-29 11:00:00, 72.0208389,-28.1064745
2028-Jun-29 12:00:00, 75.7827280,-28.2681071
2028-Jun-29 13:00:00, 79.5518889,-28.3264866
2028-Jun-29 14:00:00, 83.3210256,-28.2812882
2028-Jun-29 15:00:00, 87.0828380,-28.1328348
2028-Jun-29 16:00:00, 90.8302031,-27.8820886
2028-Jun-29 17:00:00, 94.5563473,-27.5306287
2028-Jun-29 18:00:00, 98.2550018,-27.0806142
2028-Jun-29 19:00:00,101.9205331,-26.5347364
2028-Jun-29 20:00:00,105.5480452,-25.8961617
2028-Jun-29 21:00:00,109.1334508,-25.1684690
2028-Jun-29 22:00:00,112.6735115,-24.3555835
2028-Jun-29 23:00:00,116.1658488,-23.4617114
2028-Jun-30 00:00:00,119.6089301,-22.4912758
2028-Jun-30 01:00:00,123.0020330,-21.4488576
2028-Jun-30 02:00:00,126.3451942,-20.3391423
2028-Jun-30 03:00:00,129.6391470,-19.1668729
2028-Jun-30 04:00:00,132.8852521,-17.9368107
2028-Jun-30 05:00:00,136.0854257,-16.6537029
2028-Jun-30 06:00:00,139.2420683,-15.3222579
2028-Jun-30 07:00:00,142.3579959,-13.9471264
2028-Jun-30 08:00:00,145.4363772,-12.5328894
2028-Jun-30 09:00:00,148.4806745,-11.0840509
2028-Jun-30 10:00:00,151.4945916, -9.6050360
2028-Jun-30 11:00:00,154.4820289, -8.1001925
2028-Jun-30 12:00:00,157.4470426, -6.5737960
2028-Jun-30 13:00:00,160.3938111, -5.0300575
2028-Jun-30 14:00:00,163.3266053, -3.4731337
2028-Jun-30 15:00:00,166.2497627, -1.9071385
2028-Jun-30 16:00:00,169.1676652, -0.3361557
2028-Jun-30 17:00:00,172.0847184,  1.2357468
2028-Jun-30 18:00:00,175.0053324,  2.8045035
2028-Jun-30 19:00:00,177.9339030,  4.3660363
2028-Jun-30 20:00:00,180.8747911,  5.9162414
2028-Jun-30 21:00:00,183.8323021,  7.4509754
2028-Jun-30 22:00:00,186.8106607,  8.9660434
2028-Jun-30 23:00:00,189.8139834, 10.4571880
2028-Jul-01 00:00:00,192.8462462, 11.9200809
